# 64 connected, ordered 8-cell tuples for the 6x7 board.
# Cells are row-major, with row zero at the bottom: cell = row * 7 + column.
# Each line is one tuple; ordering defines the base-3 table index.
0 1 2 3 7 8 9 10
1 2 3 4 8 9 10 11
2 3 4 5 9 10 11 12
3 4 5 6 10 11 12 13
7 8 9 10 14 15 16 17
8 9 10 11 15 16 17 18
9 10 11 12 16 17 18 19
10 11 12 13 17 18 19 20
14 15 16 17 21 22 23 24
15 16 17 18 22 23 24 25
16 17 18 19 23 24 25 26
17 18 19 20 24 25 26 27
21 22 23 24 28 29 30 31
22 23 24 25 29 30 31 32
23 24 25 26 30 31 32 33
24 25 26 27 31 32 33 34
28 29 30 31 35 36 37 38
29 30 31 32 36 37 38 39
30 31 32 33 37 38 39 40
31 32 33 34 38 39 40 41
0 1 7 8 14 15 21 22
1 2 8 9 15 16 22 23
2 3 9 10 16 17 23 24
3 4 10 11 17 18 24 25
4 5 11 12 18 19 25 26
5 6 12 13 19 20 26 27
7 8 14 15 21 22 28 29
8 9 15 16 22 23 29 30
9 10 16 17 23 24 30 31
10 11 17 18 24 25 31 32
11 12 18 19 25 26 32 33
12 13 19 20 26 27 33 34
14 15 21 22 28 29 35 36
15 16 22 23 29 30 36 37
16 17 23 24 30 31 37 38
17 18 24 25 31 32 38 39
18 19 25 26 32 33 39 40
19 20 26 27 33 34 40 41
0 1 2 7 9 14 15 16
1 2 3 8 10 15 16 17
2 3 4 9 11 16 17 18
3 4 5 10 12 17 18 19
4 5 6 11 13 18 19 20
7 8 9 14 16 21 22 23
8 9 10 15 17 22 23 24
9 10 11 16 18 23 24 25
10 11 12 17 19 24 25 26
11 12 13 18 20 25 26 27
14 15 16 21 23 28 29 30
15 16 17 22 24 29 30 31
16 17 18 23 25 30 31 32
17 18 19 24 26 31 32 33
18 19 20 25 27 32 33 34
21 22 23 28 30 35 36 37
22 23 24 29 31 36 37 38
23 24 25 30 32 37 38 39
24 25 26 31 33 38 39 40
25 26 27 32 34 39 40 41
0 1 2 3 10 17 24 31
1 2 3 4 11 18 25 32
2 3 4 5 12 19 26 33
3 4 5 6 13 20 27 34
7 8 9 10 17 24 31 38
8 9 10 11 18 25 32 39
